Date,Time,Open,High,Low,Close,Volume,OpenInt
2016-12-27,10:00:00,11457.91,11475.61,11454.97,11464.83,3209509,0
2016-12-27,11:00:00,11464.94,11468.88,11458.44,11462.59,2799599,0
2016-12-27,12:00:00,11462.64,11464.1,11451.55,11456.53,2907221,0
2016-12-27,13:00:00,11456.53,11469.31,11456.2,11465.01,2230370,0
2016-12-27,14:00:00,11464.89,11470.68,11461.14,11466.64,2237776,0
2016-12-27,15:00:00,11466.59,11467.47,11461.76,11464.29,2501052,0
2016-12-27,16:00:00,11464.34,11481.46,11461.56,11473.6,3145687,0
2016-12-27,17:00:00,11473.49,11479.82,11467.34,11473.27,2889917,0
2016-12-27,18:00:00,11473.39,11476.27,11465.47,11472.24,7627609,0
2016-12-28,10:00:00,11469.45,11473.44,11462.22,11468.63,6215451,0
2016-12-28,11:00:00,11468.46,11475.16,11465.22,11466.11,4433092,0
2016-12-28,12:00:00,11466.58,11471.34,11466.04,11469.03,3532063,0
2016-12-28,13:00:00,11469.03,11471.91,11467.63,11470.06,2425632,0
2016-12-28,14:00:00,11469.94,11472.04,11465.97,11469.05,3111408,0
2016-12-28,15:00:00,11468.93,11473.37,11468.7,11473.08,3258132,0
2016-12-28,16:00:00,11472.83,11475.89,11462.74,11465.34,4530507,0
2016-12-28,17:00:00,11467.43,11470,11460.5,11462.83,4698246,0
2016-12-28,18:00:00,11462.83,11475.24,11459.4,11474.99,14937960,0
2016-12-29,10:00:00,11411.36,11441.34,11404.82,11440.12,5802382,0
2016-12-29,11:00:00,11439.76,11446.75,11433.67,11440.17,3915439,0
2016-12-29,12:00:00,11440.52,11453.49,11434.44,11452.56,3187175,0
2016-12-29,13:00:00,11452.62,11454,11441.21,11447.07,3067023,0
2016-12-29,14:00:00,11447.07,11453.17,11445.76,11449.52,2435918,0
2016-12-29,15:00:00,11449.52,11451.14,11441.02,11445.89,2946439,0
2016-12-29,16:00:00,11446.01,11459.19,11444.9,11449.43,4596732,0
2016-12-29,17:00:00,11449.54,11455.75,11434.58,11435.78,4539678,0
2016-12-29,18:00:00,11435.69,11451.5,11432.89,11451.05,14615750,0
2016-12-30,10:00:00,11443.31,11446.71,11420.66,11438.67,5230176,0
2016-12-30,11:00:00,11438.62,11445.26,11430.09,11430.49,4049004,0
2016-12-30,12:00:00,11430.52,11432.45,11405.77,11415.35,6521464,0
2016-12-30,13:00:00,11417.46,11432.09,11415.18,11431.94,2833748,0
2016-12-30,14:00:00,11431.94,11475.14,11428.68,11462.68,6467579,0
2016-12-30,15:00:00,11461.98,11481.66,11461.98,11481.06,18002004,0
2017-01-02,10:00:00,11426.38,11530.56,11414.82,11530.56,9589128,0
2017-01-02,11:00:00,11530.56,11584.82,11530.56,11579.46,7109280,0
2017-01-02,12:00:00,11579.46,11587.6,11572.73,11577.34,3533417,0
2017-01-02,13:00:00,11577.34,11584.75,11573.5,11579.87,2683849,0
2017-01-02,14:00:00,11579.93,11582.31,11576.38,11579.05,2316367,0
2017-01-02,15:00:00,11578.72,11582.4,11573.23,11579.23,2525176,0
2017-01-02,16:00:00,11579.23,11617.28,11576.83,11603.22,4518098,0
2017-01-02,17:00:00,11603.22,11606.4,11579.47,11581.81,3741805,0
2017-01-02,18:00:00,11581.81,11598.45,11568.59,11598.33,12906699,0
2017-01-03,10:00:00,11631.7,11637.37,11595.75,11616.75,12096592,0
2017-01-03,11:00:00,11617.79,11617.95,11580.86,11602.2,7933368,0
2017-01-03,12:00:00,11602.07,11614.06,11590.39,11595.14,7122355,0
2017-01-03,13:00:00,11595.14,11609.98,11593.38,11600.02,6007237,0
2017-01-03,14:00:00,11600.03,11618.16,11599.58,11616.42,5218459,0
2017-01-03,15:00:00,11616.42,11616.42,11590.53,11592.71,5850850,0
2017-01-03,16:00:00,11592.71,11596.61,11572.46,11585.64,9894321,0
2017-01-03,17:00:00,11586.16,11627.07,11578.33,11579.9,13374674,0
2017-01-03,18:00:00,11579.9,11585.38,11561.23,11584.24,23650029,0
2017-01-04,10:00:00,11609.53,11616.09,11562.3,11564.63,14372253,0
2017-01-04,11:00:00,11564.63,11570.41,11549,11567.75,7516007,0
2017-01-04,12:00:00,11567.59,11574.23,11535.2,11536.78,6293383,0
2017-01-04,13:00:00,11536.78,11558.51,11531.43,11548.47,5637307,0
2017-01-04,14:00:00,11548.12,11559.03,11542.35,11555.89,4960226,0
2017-01-04,15:00:00,11555.89,11579.21,11555.1,11568.83,6638186,0
2017-01-04,16:00:00,11568.72,11570.27,11537.37,11542.74,7812419,0
2017-01-04,17:00:00,11547.64,11559.21,11542.81,11555.81,7951851,0
2017-01-04,18:00:00,11555.84,11584.31,11555.84,11584.31,23533416,0
2017-01-05,10:00:00,11537.73,11584.84,11537.4,11570,12908298,0
2017-01-05,11:00:00,11569.88,11602.54,11561.24,11594.69,8473101,0
2017-01-05,12:00:00,11594.62,11597.33,11552.5,11574.5,6884925,0
2017-01-05,13:00:00,11574.62,11585.74,11570.41,11581.31,4944612,0
2017-01-05,14:00:00,11581.44,11582.06,11553.4,11562.77,4445616,0
2017-01-05,15:00:00,11562.74,11577.12,11559.65,11574.11,3994176,0
2017-01-05,16:00:00,11574.11,11591.85,11568.69,11591.69,5351934,0
2017-01-05,17:00:00,11590.26,11598.88,11562.53,11577.01,8055351,0
2017-01-05,18:00:00,11577.11,11584.94,11548.93,11584.94,22184235,0
2017-01-06,10:00:00,11560.52,11577.88,11553.93,11558.32,7376225,0
2017-01-06,11:00:00,11558.35,11564.06,11547.05,11555.19,7249012,0
2017-01-06,12:00:00,11555.19,11568.87,11550.72,11567.44,5647556,0
2017-01-06,13:00:00,11568.86,11580.76,11562.68,11575.88,4031574,0
2017-01-06,14:00:00,11575.88,11580.78,11562.72,11563.56,3583958,0
2017-01-06,15:00:00,11563.56,11605.74,11558.58,11599.58,7732652,0
2017-01-06,16:00:00,11599.56,11604.43,11558.96,11575.28,6647659,0
2017-01-06,17:00:00,11575.38,11590.86,11573.47,11590.33,6996774,0
2017-01-06,18:00:00,11590.28,11603.14,11584.67,11599.01,19894331,0
2017-01-09,10:00:00,11606.89,11606.89,11542.71,11546.27,14543308,0
2017-01-09,11:00:00,11546.27,11563.61,11530.84,11563.51,8662373,0
2017-01-09,12:00:00,11564.84,11566,11544.45,11545.93,5966511,0
2017-01-09,13:00:00,11545.92,11546.69,11522.35,11533.95,5145646,0
2017-01-09,14:00:00,11534.03,11551.17,11531.39,11548.65,4196175,0
2017-01-09,15:00:00,11548.69,11554.86,11523.96,11535,5450627,0
2017-01-09,16:00:00,11535,11547.11,11531.41,11541.54,6634196,0
2017-01-09,17:00:00,11541.49,11558.85,11529.98,11557.84,7595674,0
2017-01-09,18:00:00,11557.72,11569.82,11552.61,11563.99,22968576,0
2017-01-10,10:00:00,11583.24,11606.95,11544.99,11545.34,16501831,0
2017-01-10,11:00:00,11545.67,11569.87,11545.09,11561.07,8544539,0
2017-01-10,12:00:00,11562.53,11593.4,11556.5,11587.41,7500108,0
2017-01-10,13:00:00,11587.41,11590.4,11574.21,11576.86,5010541,0
2017-01-10,14:00:00,11576.83,11592.85,11576.74,11585.33,4393167,0
2017-01-10,15:00:00,11585.33,11586.06,11572.35,11582.6,4859098,0
2017-01-10,16:00:00,11582.7,11584.87,11560.96,11569.08,6995722,0
2017-01-10,17:00:00,11569.63,11589.61,11565.98,11582.77,8125368,0
2017-01-10,18:00:00,11582.77,11593.15,11582.55,11583.3,26808522,0
2017-01-11,10:00:00,11587.32,11594.53,11529.04,11536.92,13857463,0
2017-01-11,11:00:00,11536.8,11612.43,11524.99,11606.81,12119017,0
2017-01-11,12:00:00,11606.87,11626.32,11605.95,11617.72,10164706,0
2017-01-11,13:00:00,11617.75,11622.46,11611.38,11621.3,6483350,0
2017-01-11,14:00:00,11621.04,11627.27,11601.2,11610.08,5142903,0
2017-01-11,15:00:00,11610.18,11621.36,11602.45,11605.75,5758629,0
2017-01-11,16:00:00,11605.75,11671.48,11605.27,11667.6,8250948,0
2017-01-11,17:00:00,11667.94,11688.63,11658.45,11676.76,10597208,0
2017-01-11,18:00:00,11676.64,11686.01,11634.99,11646.17,27971424,0
2017-01-12,10:00:00,11597.73,11606.43,11565.95,11570.39,16132338,0
2017-01-12,11:00:00,11570.39,11588.43,11565.04,11577.82,8395511,0
2017-01-12,12:00:00,11577.95,11604.08,11577.38,11591.6,6664251,0
2017-01-12,13:00:00,11591.35,11601.53,11584.71,11591.46,5005816,0
2017-01-12,14:00:00,11591.72,11592.15,11566.74,11585.21,5250359,0
2017-01-12,15:00:00,11585.26,11585.83,11574.56,11576.81,5297311,0
2017-01-12,16:00:00,11576.81,11583.35,11548.16,11558.57,9542195,0
2017-01-12,17:00:00,11559.74,11559.85,11516.04,11519.68,14214462,0
2017-01-12,18:00:00,11519.68,11533.58,11491.87,11521.04,31093865,0
2017-01-13,10:00:00,11576.78,11583.14,11557.99,11571.3,11222639,0
2017-01-13,11:00:00,11571.41,11579.39,11554.45,11579.3,8093847,0
2017-01-13,12:00:00,11579.3,11591.24,11569.43,11588.34,6594424,0
2017-01-13,13:00:00,11588.92,11591.21,11578.55,11585.2,5936169,0
2017-01-13,14:00:00,11584.16,11599.4,11584.16,11596.02,5753759,0
2017-01-13,15:00:00,11595.93,11599.97,11581.41,11591,5073861,0
2017-01-13,16:00:00,11591.53,11631.01,11587.37,11622.72,9797686,0
2017-01-13,17:00:00,11624.19,11635.55,11604.09,11612.73,8839566,0
2017-01-13,18:00:00,11612.7,11629.35,11603.58,11629.18,21296932,0
2017-01-16,10:00:00,11537.45,11576.51,11535.96,11555.97,12490969,0
2017-01-16,11:00:00,11555.73,11572.37,11543.41,11564.32,6652162,0
2017-01-16,12:00:00,11564.32,11568,11556.3,11558.94,4514947,0
2017-01-16,13:00:00,11558.82,11560.73,11540.64,11548.36,3732760,0
2017-01-16,14:00:00,11548.38,11566.05,11547.02,11563.26,3204253,0
2017-01-16,15:00:00,11563.64,11568.51,11559.14,11562.17,3602372,0
2017-01-16,16:00:00,11562.17,11565.89,11556.45,11557.39,4712371,0
2017-01-16,17:00:00,11557.39,11577.3,11557.22,11571.17,5555887,0
2017-01-16,18:00:00,11571.17,11572.62,11553.72,11554.71,17445815,0
2017-01-17,10:00:00,11521.5,11523.85,11465.56,11485.72,12108858,0
2017-01-17,11:00:00,11485.59,11490.61,11470.31,11471.21,7213524,0
2017-01-17,12:00:00,11471.1,11476.36,11444.24,11453.47,6672593,0
2017-01-17,13:00:00,11453.47,11474.29,11425.14,11461.18,7318283,0
2017-01-17,14:00:00,11461.41,11583.43,11460.93,11575.09,9231573,0
2017-01-17,15:00:00,11574.96,11575.03,11531.04,11546.81,7111853,0
2017-01-17,16:00:00,11546.3,11557.82,11532.53,11545.7,7884813,0
2017-01-17,17:00:00,11544.48,11573.92,11539.47,11570.38,10486546,0
2017-01-17,18:00:00,11570.38,11573.82,11540,11540,19213199,0
2017-01-18,10:00:00,11592.12,11595.09,11547.41,11559.63,14181630,0
2017-01-18,11:00:00,11559.72,11567.55,11553.23,11555.86,7104264,0
2017-01-18,12:00:00,11555.86,11563.12,11536.21,11556.87,7330890,0
2017-01-18,13:00:00,11556.85,11558.1,11535.31,11535.31,4144497,0
2017-01-18,14:00:00,11535.12,11564.79,11529.76,11564.79,4880757,0
2017-01-18,15:00:00,11564.57,11576.96,11559.1,11566.45,4707046,0
2017-01-18,16:00:00,11566.38,11579.58,11553.73,11575.96,7197228,0
2017-01-18,17:00:00,11574.76,11582.27,11567.99,11574.71,7729919,0
2017-01-18,18:00:00,11574.71,11599.39,11574.51,11599.39,25031887,0
2017-01-19,10:00:00,11624.11,11624.3,11586.5,11591.56,12310914,0
2017-01-19,11:00:00,11591.57,11601.66,11581.31,11584.99,6868136,0
2017-01-19,12:00:00,11584.94,11590.38,11580.06,11582.97,4886819,0
2017-01-19,13:00:00,11582.85,11603.04,11582.82,11589.13,4893139,0
2017-01-19,14:00:00,11589.13,11596.05,11580.52,11583.74,6381929,0
2017-01-19,15:00:00,11583.74,11628.05,11582.74,11612.37,9306781,0
2017-01-19,16:00:00,11612.33,11644.88,11606,11640.94,11368502,0
2017-01-19,17:00:00,11641,11641,11595.8,11599.34,11705463,0
2017-01-19,18:00:00,11599.3,11599.52,11583.08,11596.89,24167296,0
2017-01-20,10:00:00,11568.9,11616.79,11547.04,11607.17,13051452,0
2017-01-20,11:00:00,11606.89,11607.49,11587.72,11594.11,10385532,0
2017-01-20,12:00:00,11594.14,11636.79,11592.7,11616.06,25059934,0
2017-01-20,13:00:00,11614.35,11620.71,11587.3,11587.3,6404406,0
2017-01-20,14:00:00,11584.61,11614.76,11584.61,11614.27,12110052,0
2017-01-20,15:00:00,11614.39,11614.47,11601.89,11607.64,6080090,0
2017-01-20,16:00:00,11607.61,11628.96,11606.34,11626.92,7364878,0
2017-01-20,17:00:00,11626.24,11634.94,11611.42,11614.92,5667105,0
2017-01-20,18:00:00,11614.92,11630.18,11614.82,11630.13,28704264,0
2017-01-23,10:00:00,11545.97,11545.97,11508.83,11534.72,12819199,0
2017-01-23,11:00:00,11534.56,11599.95,11527.23,11588.65,7592819,0
2017-01-23,12:00:00,11586.76,11587.13,11570.69,11584.45,4950907,0
2017-01-23,13:00:00,11584.45,11595.01,11577.71,11577.71,4706693,0
2017-01-23,14:00:00,11576.7,11605.29,11573.44,11586.83,5313029,0
2017-01-23,15:00:00,11586.83,11598.42,11571.49,11583.14,5366478,0
2017-01-23,16:00:00,11583.25,11594.62,11574.41,11578.97,6924390,0
2017-01-23,17:00:00,11579.1,11584.8,11516.05,11520.9,11098134,0
2017-01-23,18:00:00,11518.44,11551.42,11517.87,11545.75,21539204,0
2017-01-24,10:00:00,11556.6,11572.79,11538.05,11540.9,12186432,0
2017-01-24,11:00:00,11541.25,11583.36,11540.34,11575.4,7883755,0
2017-01-24,12:00:00,11575.46,11585.31,11569.93,11575.69,6585466,0
2017-01-24,13:00:00,11575.77,11580.96,11562.79,11562.79,6115669,0
2017-01-24,14:00:00,11562.5,11573.06,11561.94,11565.52,4260335,0
2017-01-24,15:00:00,11565.73,11574.62,11561.3,11573.68,4228713,0
2017-01-24,16:00:00,11573.61,11578.96,11566.82,11572.26,6676856,0
2017-01-24,17:00:00,11571.77,11585.02,11561.65,11575.53,8902672,0
2017-01-24,18:00:00,11575.53,11596.18,11574.1,11594.94,24841479,0
2017-01-25,10:00:00,11677.63,11755.4,11669.3,11745.62,24588151,0
2017-01-25,11:00:00,11745.62,11749.77,11721.06,11724.14,11153998,0
2017-01-25,12:00:00,11724.14,11750.88,11721.7,11746.91,7735968,0
2017-01-25,13:00:00,11746.91,11754.81,11738.45,11753.3,5453430,0
2017-01-25,14:00:00,11752.67,11778.2,11752.67,11778.2,6134691,0
2017-01-25,15:00:00,11778.2,11789.72,11766.23,11787.2,9276514,0
2017-01-25,16:00:00,11787.32,11804.29,11787.32,11800.13,12485244,0
2017-01-25,17:00:00,11807.63,11819.71,11800.82,11813.22,14527387,0
2017-01-25,18:00:00,11812.9,11827.73,11799.64,11806.05,31856296,0
2017-01-26,10:00:00,11867.91,11893.08,11851.05,11861.31,17836303,0
2017-01-26,11:00:00,11861.31,11878.46,11857.21,11876.24,8414087,0
2017-01-26,12:00:00,11878.04,11880.31,11855.19,11866.5,7430130,0
2017-01-26,13:00:00,11866.56,11868.68,11854.03,11864.91,5509223,0
2017-01-26,14:00:00,11866.19,11869.87,11848.23,11850.01,6219381,0
2017-01-26,15:00:00,11850.47,11858.4,11839.95,11851.64,5838444,0
2017-01-26,16:00:00,11851.59,11855.39,11829.73,11841.15,9171785,0
2017-01-26,17:00:00,11842.66,11852.56,11819.76,11826.41,9648366,0
2017-01-26,18:00:00,11826.65,11848.63,11825.44,11848.63,23427936,0
2017-01-27,10:00:00,11841.72,11844.68,11819.96,11829.71,11788021,0
2017-01-27,11:00:00,11829.59,11830.21,11804.71,11810.11,8293154,0
2017-01-27,12:00:00,11810.11,11822.91,11805.33,11813.91,6827261,0
2017-01-27,13:00:00,11813.63,11825.08,11813.37,11815.41,5315288,0
2017-01-27,14:00:00,11815.41,11833.11,11814.91,11831.83,5791529,0
2017-01-27,15:00:00,11831.3,11832.54,11816.04,11822.85,4805734,0
2017-01-27,16:00:00,11822.85,11824.34,11808.78,11810.79,5461891,0
2017-01-27,17:00:00,11811.47,11815.98,11802.3,11803.8,6939115,0
2017-01-27,18:00:00,11803.84,11814.27,11798.26,11814.27,18195344,0
2017-01-30,10:00:00,11786.31,11792.33,11725.73,11730.92,12136422,0
2017-01-30,11:00:00,11730.71,11750.81,11714.26,11722.88,7386327,0
2017-01-30,12:00:00,11722.88,11729.08,11717.67,11722.93,3882194,0
2017-01-30,13:00:00,11722.93,11732.08,11717.6,11723.72,3601000,0
2017-01-30,14:00:00,11723.72,11735.86,11722.32,11727.91,3694834,0
2017-01-30,15:00:00,11727.39,11738.13,11715.32,11730.29,5250467,0
2017-01-30,16:00:00,11730.19,11732.28,11663.71,11688.72,8288553,0
2017-01-30,17:00:00,11689.54,11695.13,11667.05,11683.5,6542390,0
2017-01-30,18:00:00,11675.83,11691.06,11668.92,11681.89,26847934,0
2017-01-31,10:00:00,11692.53,11716.64,11669.43,11712.76,11172208,0
2017-01-31,11:00:00,11712.76,11733.16,11701.81,11720.16,7751176,0
2017-01-31,12:00:00,11720.16,11723.35,11682.48,11703.92,6983672,0
2017-01-31,13:00:00,11705.01,11710.46,11686.78,11691.79,4552140,0
2017-01-31,14:00:00,11691.76,11699.21,11675.27,11684.56,5740549,0
2017-01-31,15:00:00,11684.66,11704.35,11684.59,11695.75,4508319,0
2017-01-31,16:00:00,11695.75,11698,11643.7,11646.89,6475215,0
2017-01-31,17:00:00,11648.14,11648.14,11580.68,11580.82,15920415,0
2017-01-31,18:00:00,11580.46,11592.97,11535.31,11535.31,37322744,0
2017-02-01,10:00:00,11646.42,11660.45,11622.6,11632.98,15464689,0
2017-02-01,11:00:00,11632.49,11649.71,11629.91,11649.07,6616422,0
2017-02-01,12:00:00,11649.08,11657.66,11643.11,11645.98,6619269,0
2017-02-01,13:00:00,11645.98,11657.11,11640.72,11641.72,5100049,0
2017-02-01,14:00:00,11642.37,11657.33,11642.21,11655.56,5047981,0
2017-02-01,15:00:00,11655.56,11690.9,11653.93,11687.08,7158907,0
2017-02-01,16:00:00,11687.08,11723.39,11685.62,11701.72,9022661,0
2017-02-01,17:00:00,11701.78,11711.72,11644.42,11650.21,11477109,0
2017-02-01,18:00:00,11652.01,11666.09,11645.98,11659.5,30912099,0
2017-02-02,10:00:00,11628.28,11652.14,11603.65,11616.41,22533300,0
2017-02-02,11:00:00,11616.85,11628.95,11613.94,11622.05,11213386,0
2017-02-02,12:00:00,11621.68,11638.16,11609.53,11636.99,8900228,0
2017-02-02,13:00:00,11636.99,11658.83,11633.93,11643.35,4997327,0
2017-02-02,14:00:00,11643.72,11675.98,11639.66,11654.71,5193187,0
2017-02-02,15:00:00,11654.71,11657.06,11616.18,11622.56,6366212,0
2017-02-02,16:00:00,11622.75,11633.76,11612.36,11631.95,7667054,0
2017-02-02,17:00:00,11628.35,11649.77,11622.38,11649.37,9027431,0
2017-02-02,18:00:00,11649.34,11652.23,11626.78,11627.95,24734803,0
2017-02-03,10:00:00,11636.23,11675.45,11629.44,11663.09,14036333,0
2017-02-03,11:00:00,11663.2,11664.23,11633.32,11643.24,7887225,0
2017-02-03,12:00:00,11642.74,11649.67,11640.33,11643.79,5259078,0
2017-02-03,13:00:00,11643.96,11663.93,11640.82,11658.3,3993780,0
2017-02-03,14:00:00,11658.3,11663.45,11644.91,11654.47,3812638,0
2017-02-03,15:00:00,11654.49,11696.94,11651.61,11678.69,7756220,0
2017-02-03,16:00:00,11679.02,11679.57,11632.96,11638.55,8158211,0
2017-02-03,17:00:00,11639.05,11650.86,11632.36,11644.49,6820335,0
2017-02-03,18:00:00,11651.14,11673.36,11651.14,11651.49,24941530,0
2017-02-06,10:00:00,11628.03,11629.97,11569.68,11587.62,13097982,0
2017-02-06,11:00:00,11587.6,11679.91,11587.34,11652.04,9227509,0
2017-02-06,12:00:00,11652.04,11661.19,11647.47,11653.44,5632184,0
2017-02-06,13:00:00,11653.08,11660.83,11594.24,11605.63,6147694,0
2017-02-06,14:00:00,11605.63,11611.51,11559.29,11559.39,5506652,0
2017-02-06,15:00:00,11559.39,11567.56,11518.57,11538.22,9314318,0
2017-02-06,16:00:00,11538.22,11564.26,11537.65,11559.22,10220483,0
2017-02-06,17:00:00,11558.87,11562.08,11511.35,11513.09,11102854,0
2017-02-06,18:00:00,11512.39,11530.9,11509.58,11509.84,25003019,0
2017-02-07,10:00:00,11498.49,11538.16,11483.83,11534.8,11800406,0
2017-02-07,11:00:00,11534.83,11558.23,11534.83,11556.07,7050861,0
2017-02-07,12:00:00,11556.13,11568.42,11541.72,11547.23,4514512,0
2017-02-07,13:00:00,11548.87,11597.33,11548.18,11587.15,5173320,0
2017-02-07,14:00:00,11587.15,11587.15,11567.16,11572.58,4076215,0
2017-02-07,15:00:00,11572.58,11580.65,11563.67,11573.31,3659031,0
2017-02-07,16:00:00,11573.31,11604.96,11572.14,11596.54,6044515,0
2017-02-07,17:00:00,11596.39,11606.26,11566.09,11568.01,6526342,0
2017-02-07,18:00:00,11567.53,11577.9,11540.46,11549.44,23400305,0
2017-02-08,10:00:00,11546.93,11575.95,11536.09,11545.62,12070310,0
2017-02-08,11:00:00,11545.64,11591.26,11536.66,11589.7,6827293,0
2017-02-08,12:00:00,11589.35,11589.35,11558.5,11566.39,5180373,0
2017-02-08,13:00:00,11566.42,11578.24,11548.24,11553.08,5237725,0
2017-02-08,14:00:00,11553.45,11566.43,11537.88,11538.71,7174568,0
2017-02-08,15:00:00,11538.64,11543.14,11517.2,11518.31,7575094,0
2017-02-08,16:00:00,11518.31,11518.36,11479.78,11484.51,11919985,0
2017-02-08,17:00:00,11500.51,11530.07,11494.09,11526.32,15122155,0
2017-02-08,18:00:00,11530.29,11553.42,11527.19,11543.38,27157296,0
2017-02-09,10:00:00,11584.4,11625.82,11551.36,11571.18,22621285,0
2017-02-09,11:00:00,11571,11582.75,11553.94,11558,11493655,0
2017-02-09,12:00:00,11558,11576.08,11548.75,11570.93,7952153,0
2017-02-09,13:00:00,11570.99,11638.9,11570.99,11618.05,10646483,0
2017-02-09,14:00:00,11618.05,11630.66,11596.98,11611.93,6410442,0
2017-02-09,15:00:00,11611.74,11612.83,11577.75,11587.58,6228403,0
2017-02-09,16:00:00,11587.6,11619.93,11583.23,11619.36,7445491,0
2017-02-09,17:00:00,11617.73,11633.93,11603.63,11625.3,7000174,0
2017-02-09,18:00:00,11637.89,11657.24,11629.9,11642.86,30285198,0
2017-02-10,10:00:00,11698.7,11711.55,11681.98,11687.1,14749568,0
2017-02-10,11:00:00,11687.33,11706.88,11670.77,11694.7,8943792,0
2017-02-10,12:00:00,11694.7,11698.39,11653.43,11653.99,7248649,0
2017-02-10,13:00:00,11654.13,11669.92,11650.06,11663.55,4714902,0
2017-02-10,14:00:00,11663.54,11683.4,11663.54,11680.03,5630437,0
2017-02-10,15:00:00,11680.01,11681.77,11655.09,11656.8,4243032,0
2017-02-10,16:00:00,11656.83,11671.94,11656.72,11664.12,5531742,0
2017-02-10,17:00:00,11660.47,11669.49,11645.13,11667.57,7407599,0
2017-02-10,18:00:00,11667.64,11672.21,11662.33,11666.97,20753112,0
2017-02-13,10:00:00,11697.99,11718.15,11684.91,11712.3,9795326,0
2017-02-13,11:00:00,11712.17,11743.31,11709.88,11734.48,6899516,0
2017-02-13,12:00:00,11734.78,11739.95,11721.03,11732.15,5287967,0
2017-02-13,13:00:00,11732.2,11765.21,11731.95,11763.42,6379037,0
2017-02-13,14:00:00,11763.17,11775.84,11762.68,11771.2,4963790,0
2017-02-13,15:00:00,11771.2,11798.67,11770.85,11794.07,5159272,0
2017-02-13,16:00:00,11792.99,11812.69,11789.68,11796.11,9901327,0
2017-02-13,17:00:00,11795.52,11807.82,11783.3,11794.92,7939622,0
2017-02-13,18:00:00,11794.92,11795.03,11774.43,11774.43,22705455,0
2017-02-14,10:00:00,11766.99,11778.83,11753.23,11773.34,11331855,0
2017-02-14,11:00:00,11773.34,11778.93,11760.8,11775.46,6106620,0
2017-02-14,12:00:00,11775.46,11783.01,11762.59,11781.65,4875363,0
2017-02-14,13:00:00,11782.42,11787.82,11765.67,11781.4,4396024,0
2017-02-14,14:00:00,11781.4,11781.48,11765.57,11770.99,3856530,0
2017-02-14,15:00:00,11770.91,11779.67,11759.66,11765.6,4526106,0
2017-02-14,16:00:00,11766.62,11768.82,11758.43,11768.82,5765245,0
2017-02-14,17:00:00,11769.37,11780.3,11752.68,11774.05,11435011,0
2017-02-14,18:00:00,11774.05,11777.98,11759.95,11771.81,20358534,0
2017-02-15,10:00:00,11834.48,11848.04,11812.37,11841.91,16510213,0
2017-02-15,11:00:00,11841.68,11841.68,11816.98,11817.92,9842878,0
2017-02-15,12:00:00,11817.64,11822.29,11791.69,11795.21,6305046,0
2017-02-15,13:00:00,11795.3,11804.78,11793.58,11796.52,6523313,0
2017-02-15,14:00:00,11796.96,11801.69,11779.02,11782.02,5434858,0
2017-02-15,15:00:00,11781.95,11791.81,11738.15,11745.69,6594554,0
2017-02-15,16:00:00,11745.69,11777.4,11725.38,11771.66,7576832,0
2017-02-15,17:00:00,11771.66,11807.17,11761.28,11800.19,8972763,0
2017-02-15,18:00:00,11800.07,11805.86,11794.66,11799.35,21115637,0
2017-02-16,10:00:00,11778.99,11814.7,11766.59,11770.07,12877410,0
2017-02-16,11:00:00,11769.96,11777.48,11753.75,11776.37,6420154,0
2017-02-16,12:00:00,11776.73,11777.04,11757.29,11769.84,4566356,0
2017-02-16,13:00:00,11769.84,11778.61,11748.02,11755.53,3932283,0
2017-02-16,14:00:00,11755.84,11769.53,11752.97,11759.5,3906918,0
2017-02-16,15:00:00,11759.5,11770.85,11747.12,11768.13,4344350,0
2017-02-16,16:00:00,11768.13,11771.53,11740.72,11748.84,5567867,0
2017-02-16,17:00:00,11748.84,11766.55,11732.27,11744.94,8421981,0
2017-02-16,18:00:00,11744.94,11757.24,11728.38,11757.24,26389822,0
2017-02-17,10:00:00,11759.57,11775.4,11730.74,11739.48,11127920,0
2017-02-17,11:00:00,11739.6,11741.25,11693.7,11714.63,10004771,0
2017-02-17,12:00:00,11714.61,11716.2,11693.76,11711.15,8202952,0
2017-02-17,13:00:00,11710.43,11754.63,11699.72,11726.43,6683762,0
2017-02-17,14:00:00,11726.39,11737.94,11703.66,11711.17,11997025,0
2017-02-17,15:00:00,11711.17,11714.06,11697.17,11705.35,5532425,0
2017-02-17,16:00:00,11705.44,11736.3,11701.08,11734.61,6499022,0
2017-02-17,17:00:00,11734.61,11749.89,11728.62,11740.49,6845300,0
2017-02-17,18:00:00,11740.49,11757.02,11729.09,11757.02,25776554,0
2017-02-20,10:00:00,11838.26,11839.49,11816.51,11831.19,12926131,0
2017-02-20,11:00:00,11831.22,11841.06,11812.66,11824.36,5994762,0
2017-02-20,12:00:00,11824.36,11830.48,11822.4,11823.91,3677746,0
2017-02-20,13:00:00,11823.93,11823.93,11813.73,11817.42,3151375,0
2017-02-20,14:00:00,11817.42,11820.96,11804.72,11818.8,3327208,0
2017-02-20,15:00:00,11818.8,11826.05,11817.13,11824.47,2522252,0
2017-02-20,16:00:00,11824.47,11831.65,11814.96,11820.41,3650019,0
2017-02-20,17:00:00,11820.41,11831.71,11818,11827.94,3849413,0
2017-02-20,18:00:00,11827.94,11836.33,11825.68,11827.62,17285985,0
2017-02-21,10:00:00,11821.9,11861.59,11799.33,11846.5,8808727,0
2017-02-21,11:00:00,11846.63,11888.92,11846.63,11878.78,7830744,0
2017-02-21,12:00:00,11878.78,11888.19,11868.28,11883.54,5101289,0
2017-02-21,13:00:00,11883.54,11891.21,11881.19,11883.26,4108300,0
2017-02-21,14:00:00,11884.33,11902.41,11884.33,11895.72,4917557,0
2017-02-21,15:00:00,11896.03,11896.6,11885.67,11894.83,4608774,0
2017-02-21,16:00:00,11894.83,11954.08,11892.45,11940.75,7955800,0
2017-02-21,17:00:00,11949.86,11986.07,11947.44,11986.01,10819901,0
2017-02-21,18:00:00,11980.59,11983.95,11960.68,11967.49,23678920,0
2017-02-22,10:00:00,11991.11,12031.11,11987.55,11997.61,16832650,0
2017-02-22,11:00:00,11997.53,12010.49,11986.93,11992.48,10267245,0
2017-02-22,12:00:00,11993.6,11994.71,11969.62,11981.72,7398247,0
2017-02-22,13:00:00,11981.42,11998.27,11967.33,11967.33,6114605,0
2017-02-22,14:00:00,11966.38,11982.92,11966.38,11972.43,4636350,0
2017-02-22,15:00:00,11972.44,11983.89,11966.02,11976.02,5672084,0
2017-02-22,16:00:00,11976.02,11994.14,11968.38,11985.31,8152716,0
2017-02-22,17:00:00,11985.44,12018.25,11974.92,12003.07,10003618,0
2017-02-22,18:00:00,11996.96,12001.37,11985.15,11998.59,25632567,0
2017-02-23,10:00:00,11994.06,12012.6,11982.1,11995.44,12194550,0
2017-02-23,11:00:00,11995.41,12015.98,11994.59,12010.87,6837655,0
2017-02-23,12:00:00,12010.87,12010.98,11988.98,11990.19,4703134,0
2017-02-23,13:00:00,11989.91,11995.82,11982.92,11992.82,3243822,0
2017-02-23,14:00:00,11993.27,11998.42,11972.72,11977.54,3900630,0
2017-02-23,15:00:00,11977.56,11985.77,11975.83,11984.39,4604681,0
2017-02-23,16:00:00,11984.59,11997.93,11974.95,11979.48,5810294,0
2017-02-23,17:00:00,11980.86,11984.33,11945.96,11946.87,9046281,0
2017-02-23,18:00:00,11947.27,11952.29,11928.55,11947.83,21589370,0
2017-02-24,10:00:00,11922.79,11934.64,11908.58,11915.12,12725938,0
2017-02-24,11:00:00,11915.03,11925.55,11899.52,11911.12,7251422,0
2017-02-24,12:00:00,11911.12,11912.82,11825.63,11840.94,9986296,0
2017-02-24,13:00:00,11842.32,11842.37,11747.77,11755.39,9686078,0
2017-02-24,14:00:00,11755.43,11786.61,11735.01,11738.93,9936427,0
2017-02-24,15:00:00,11738.9,11761.63,11729.82,11729.88,9461060,0
2017-02-24,16:00:00,11729.98,11804.08,11722.35,11804.08,9338768,0
2017-02-24,17:00:00,11802.82,11807.49,11762.84,11788.59,8451221,0
2017-02-24,18:00:00,11788.59,11816.18,11786.36,11804.03,24917495,0
2017-02-27,10:00:00,11858.14,11860.82,11806.65,11807.8,10986730,0
2017-02-27,11:00:00,11807.8,11830.44,11804.3,11814.52,5739807,0
2017-02-27,12:00:00,11814.52,11823.41,11802.93,11806.99,4072859,0
2017-02-27,13:00:00,11806.99,11826.89,11803.25,11824.1,3804307,0
2017-02-27,14:00:00,11823.97,11824.13,11807.28,11813.86,3817311,0
2017-02-27,15:00:00,11813.92,11813.92,11792.51,11794.62,4091975,0
2017-02-27,16:00:00,11792.81,11827.62,11792.51,11826.14,4990724,0
2017-02-27,17:00:00,11827.35,11843.88,11810.66,11833.3,7943434,0
2017-02-27,18:00:00,11833.3,11838.69,11822.67,11822.67,19343652,0
2017-02-28,10:00:00,11847.09,11848.81,11820.88,11824.89,8691003,0
2017-02-28,11:00:00,11825.03,11826.18,11795.06,11811.57,5027989,0
2017-02-28,12:00:00,11811.57,11822.52,11801.28,11803.69,3750610,0
2017-02-28,13:00:00,11803.77,11814.62,11803.46,11807.31,3502871,0
2017-02-28,14:00:00,11807.31,11808.86,11780.83,11793.62,3664943,0
2017-02-28,15:00:00,11793.62,11839.74,11790.15,11839.74,3757128,0
2017-02-28,16:00:00,11839.74,11841.53,11825.26,11829.37,3731071,0
2017-02-28,17:00:00,11829.33,11853.5,11817.99,11846.47,5435452,0
2017-02-28,18:00:00,11846.5,11850.46,11834.41,11834.41,26222167,0
2017-03-01,10:00:00,11915.03,11983.61,11913.84,11974.69,18313433,0
2017-03-01,11:00:00,11974.67,11993.69,11971.78,11986.6,12085207,0
2017-03-01,12:00:00,11986.45,12014.01,11986.24,12005.21,7234975,0
2017-03-01,13:00:00,12005.21,12006.42,11982.54,11996.13,8221022,0
2017-03-01,14:00:00,11996.59,12006.04,11993.46,12001.89,6837546,0
2017-03-01,15:00:00,12001.94,12027.52,11996.32,12024.24,6377567,0
2017-03-01,16:00:00,12024.24,12041.44,12015.73,12038.71,8825465,0
2017-03-01,17:00:00,12039.1,12068.93,12032.96,12056.8,12087110,0
2017-03-01,18:00:00,12057,12074.02,12052.77,12067.19,29572292,0
2017-03-02,10:00:00,12050.02,12074.89,12045.61,12055.08,15201733,0
2017-03-02,11:00:00,12055,12059.35,12041.9,12054.69,8208953,0
2017-03-02,12:00:00,12054.44,12075.39,12048.24,12074.85,5736317,0
2017-03-02,13:00:00,12074.82,12074.87,12059.32,12070.2,4139478,0
2017-03-02,14:00:00,12070.4,12077.77,12065.79,12070.84,5602505,0
2017-03-02,15:00:00,12070.84,12082.46,12069.37,12075.62,4485787,0
2017-03-02,16:00:00,12075.65,12079.48,12061.39,12072.23,7889925,0
2017-03-02,17:00:00,12072.72,12073.34,12056.82,12057.32,7442272,0
2017-03-02,18:00:00,12057.32,12060.65,12044.01,12059.57,23393926,0
2017-03-03,10:00:00,11998.06,12024.39,11995.79,12007.11,9894171,0
2017-03-03,11:00:00,12007.16,12015.3,11995.44,11996.11,6046895,0
2017-03-03,12:00:00,11996.15,12044.04,11995.4,12040.21,7313258,0
2017-03-03,13:00:00,12041.83,12058.21,12028.72,12043.36,9216396,0
2017-03-03,14:00:00,12043.38,12047.82,12025.52,12028.8,10590538,0
2017-03-03,15:00:00,12028.72,12039.81,12016.1,12028.68,6353498,0
2017-03-03,16:00:00,12028.68,12038.29,12011.76,12011.76,15897330,0
2017-03-03,17:00:00,12011.35,12020.01,11996.38,12014,11680880,0
2017-03-03,18:00:00,12014,12027.59,12010.86,12027.36,26300132,0
2017-03-06,10:00:00,11952.11,11965.65,11930.29,11939.15,21344724,0
2017-03-06,11:00:00,11939.15,11995.65,11934.6,11995.5,10549593,0
2017-03-06,12:00:00,11995.14,11998.83,11958.99,11967.01,6328782,0
2017-03-06,13:00:00,11967.01,11985.16,11965.4,11983.74,4033435,0
2017-03-06,14:00:00,11983.74,11985.48,11971.45,11984.2,4936056,0
2017-03-06,15:00:00,11983.69,11988.65,11971.74,11973.08,5435475,0
2017-03-06,16:00:00,11972.99,11978.96,11959.2,11965.69,8485177,0
2017-03-06,17:00:00,11962.83,11962.95,11921.57,11935.29,11076475,0
2017-03-06,18:00:00,11935.47,11966.38,11932.47,11958.4,26978034,0
2017-03-07,10:00:00,11963.76,11978.27,11942.65,11975.56,13007491,0
2017-03-07,11:00:00,11975.54,11987.05,11967.89,11972.14,6443113,0
2017-03-07,12:00:00,11972.14,11988.87,11967.64,11967.66,5495204,0
2017-03-07,13:00:00,11967.67,11972.32,11957.47,11964.61,4430409,0
2017-03-07,14:00:00,11964.21,11975.69,11958.73,11971.78,4607896,0
2017-03-07,15:00:00,11971.78,11973.82,11966.01,11970.07,4225991,0
2017-03-07,16:00:00,11970.07,11970.55,11935.4,11944.48,6897851,0
2017-03-07,17:00:00,11944.28,11976.62,11943.47,11954.82,7906936,0
2017-03-07,18:00:00,11954.85,11967.72,11951.01,11966.14,25802498,0
2017-03-08,10:00:00,11922.86,11979.71,11922.31,11973.49,14060856,0
2017-03-08,11:00:00,11973.54,12017.28,11966.72,12007.55,10300689,0
2017-03-08,12:00:00,12006.66,12016.91,11994.73,12000.06,6104721,0
2017-03-08,13:00:00,12000.06,12003.83,11930.09,11942.45,7753434,0
2017-03-08,14:00:00,11942.45,11989.57,11936.62,11979.37,5882186,0
2017-03-08,15:00:00,11979.37,12005.19,11973.96,11995.59,6394364,0
2017-03-08,16:00:00,11995.51,12011.22,11985.84,11990.13,8755499,0
2017-03-08,17:00:00,11989.16,11989.7,11964.9,11979.02,11422855,0
2017-03-08,18:00:00,11979.02,11986.05,11967.31,11967.31,28439262,0
2017-03-09,10:00:00,11922.96,11962.14,11922.21,11958.99,13865674,0
2017-03-09,11:00:00,11958.89,11960.92,11927.29,11936.04,9002904,0
2017-03-09,12:00:00,11936.12,11945.76,11926.25,11943.55,6938015,0
2017-03-09,13:00:00,11942.89,11945.52,11929.55,11942.89,6334817,0
2017-03-09,14:00:00,11940.93,11943.52,11927.78,11930.89,7609646,0
2017-03-09,15:00:00,11930.93,11978.61,11930.93,11970.2,9690524,0
2017-03-09,16:00:00,11970.2,11973.53,11950.98,11965,8327323,0
2017-03-09,17:00:00,11996.06,12015.1,11962.18,11972.59,18271256,0
2017-03-09,18:00:00,11973.1,11987.6,11971.96,11978.39,26108945,0
2017-03-10,10:00:00,12018.48,12047.12,12007.43,12041.13,14698391,0
2017-03-10,11:00:00,12041.21,12051.98,12032.52,12042.67,9924708,0
2017-03-10,12:00:00,12042.69,12060.33,12040.26,12059.6,8751951,0
2017-03-10,13:00:00,12059.16,12067.07,12053.76,12055.9,5976549,0
2017-03-10,14:00:00,12055.99,12055.99,12039.14,12047.69,7413015,0
2017-03-10,15:00:00,12047.69,12057.47,12034.67,12047.62,7447421,0
2017-03-10,16:00:00,12047.62,12048.34,11976.55,11999.9,12362446,0
2017-03-10,17:00:00,12000.17,12005.6,11950.58,11963.44,12462286,0
2017-03-10,18:00:00,11943.12,11968.72,11940.81,11963.18,31598376,0
2017-03-13,10:00:00,11954.8,11990.1,11950.12,11982.29,11126789,0
2017-03-13,11:00:00,11982.05,11982.33,11958.51,11979.49,6864377,0
2017-03-13,12:00:00,11979.43,11984.7,11972.44,11976.37,6279881,0
2017-03-13,13:00:00,11976.36,11980.24,11962.29,11971.05,5279251,0
2017-03-13,14:00:00,11971.05,11987.74,11969.55,11985.9,3673624,0
2017-03-13,15:00:00,11985.86,12003.41,11982.56,11983.61,5237405,0
2017-03-13,16:00:00,11983.72,12006.01,11983.72,11989.3,7321178,0
2017-03-13,17:00:00,11989.3,11996.49,11983.8,11994.98,7102740,0
2017-03-13,18:00:00,11994.98,12001.02,11988.91,11990.03,25146194,0
2017-03-14,10:00:00,11984.29,11986.03,11966.51,11966.8,16451732,0
2017-03-14,11:00:00,11966.99,11990.55,11965.82,11987.32,11889731,0
2017-03-14,12:00:00,11987.05,11997.27,11975.82,11996.98,8186831,0
2017-03-14,13:00:00,11997.22,11999.65,11980.98,11982.13,4958353,0
2017-03-14,14:00:00,11982.09,11982.88,11930.38,11970.52,8875918,0
2017-03-14,15:00:00,11970.52,12002.75,11970.35,11979.08,8930951,0
2017-03-14,16:00:00,11979.19,11990.01,11957.33,11989.78,8558966,0
2017-03-14,17:00:00,11989.67,11994.43,11976.64,11993.04,10721922,0
2017-03-14,18:00:00,11993.03,11993.41,11980.53,11988.79,29830332,0
2017-03-15,10:00:00,12000.44,12027.05,11988.27,12019.93,17476201,0
2017-03-15,11:00:00,12019.84,12025.51,11988.74,11988.74,15251983,0
2017-03-15,12:00:00,11988.63,11997.7,11977.32,11989.48,6981389,0
2017-03-15,13:00:00,11989.37,11994.95,11983.67,11986.59,5880912,0
2017-03-15,14:00:00,11986.59,11991.71,11984.42,11990.75,5704738,0
2017-03-15,15:00:00,11990.79,12003.9,11983.65,11997.71,6682969,0
2017-03-15,16:00:00,11997.71,12017.01,11997.04,12014.85,7150467,0
2017-03-15,17:00:00,12014.13,12019.37,12007.28,12009.74,8659319,0
2017-03-15,18:00:00,12009.62,12021.65,12009.62,12009.87,30705058,0
2017-03-16,10:00:00,12140.3,12156.44,12102.89,12114.28,22311770,0
2017-03-16,11:00:00,12114.28,12143.32,12114.26,12130.61,12201564,0
2017-03-16,12:00:00,12130.61,12137.23,12122.17,12136.84,7555391,0
2017-03-16,13:00:00,12136.84,12138.06,12106.13,12110.28,6682394,0
2017-03-16,14:00:00,12112.39,12115.01,12076.45,12091.58,8897588,0
2017-03-16,15:00:00,12091.58,12093.42,12064.51,12085.76,8461810,0
2017-03-16,16:00:00,12085.88,12094.52,12061.95,12068.92,9507161,0
2017-03-16,17:00:00,12068.74,12072.59,12046.07,12070.01,11033178,0
2017-03-16,18:00:00,12070.04,12088.16,12059.15,12083.18,36377407,0
2017-03-17,10:00:00,12039.24,12055.21,12018.27,12046.91,31273578,0
2017-03-17,11:00:00,12046.91,12072.4,12046.91,12069.37,10449079,0
2017-03-17,12:00:00,12069.32,12117.9,12067.37,12104.61,18214897,0
2017-03-17,13:00:00,12106.75,12108.62,12085.78,12090.78,8866403,0
2017-03-17,14:00:00,12090.9,12107.92,12080.83,12105.99,22295764,0
2017-03-17,15:00:00,12105.97,12106.77,12085.4,12087.3,6638608,0
2017-03-17,16:00:00,12087.3,12090.17,12067.88,12080.12,10279811,0
2017-03-17,17:00:00,12079.54,12090.62,12074.15,12086.19,10887122,0
2017-03-17,18:00:00,12086.19,12095.24,12074.37,12095.24,74327394,0
2017-03-20,10:00:00,12050.81,12074.52,12049.25,12057.29,10656756,0
2017-03-20,11:00:00,12057.29,12070.18,12056.9,12059.71,7529673,0
2017-03-20,12:00:00,12059.54,12060.11,12033.24,12054.08,7233324,0
2017-03-20,13:00:00,12054.08,12065.83,12053.01,12062.62,4641354,0
2017-03-20,14:00:00,12062.62,12066.9,12049.44,12052.85,6755158,0
2017-03-20,15:00:00,12052.68,12074.21,12052.33,12063.79,7091779,0
2017-03-20,16:00:00,12063.79,12082.31,12063.7,12077.52,8231031,0
2017-03-20,17:00:00,12077.41,12078.56,12062.9,12067.48,10532093,0
2017-03-20,18:00:00,12067.44,12068.61,12052.44,12052.9,47999143,0
2017-03-21,10:00:00,12063.92,12078.69,12039.2,12044.95,20503344,0
2017-03-21,11:00:00,12043.81,12066.04,12042.54,12064.43,12755836,0
2017-03-21,12:00:00,12064.67,12065.98,12052.23,12056.13,7353274,0
2017-03-21,13:00:00,12055.46,12077.45,12053.92,12063.95,8515797,0
2017-03-21,14:00:00,12064.85,12095.31,12063.25,12095.31,8848653,0
2017-03-21,15:00:00,12096.81,12110.12,12056.42,12056.42,12809988,0
2017-03-21,16:00:00,12060.25,12067.72,11982.25,11994.65,12180797,0
2017-03-21,17:00:00,11985.02,11986.93,11938.53,11958.7,19078162,0
2017-03-21,18:00:00,11953.74,11962.13,11948.4,11962.13,32896210,0
2017-03-22,10:00:00,11877.24,11889.58,11850.27,11863.76,18909382,0
2017-03-22,11:00:00,11864.28,11889.5,11858.07,11885.22,10678079,0
2017-03-22,12:00:00,11885.91,11900.96,11879.29,11900.96,6804552,0
2017-03-22,13:00:00,11901.48,11910.02,11892.72,11899.55,6275205,0
2017-03-22,14:00:00,11899.51,11912.78,11894.76,11906.94,4718311,0
2017-03-22,15:00:00,11907.34,11923.21,11888.72,11899.05,8190731,0
2017-03-22,16:00:00,11898.32,11918.83,11882.68,11918.83,9461527,0
2017-03-22,17:00:00,11919.19,11933.1,11906.42,11919.17,8376375,0
2017-03-22,18:00:00,11919.07,11925.56,11904.12,11904.12,36765837,0
2017-03-23,10:00:00,11901.73,11914.66,11897.24,11900,9268000,0
2017-03-23,11:00:00,11901.31,11929.01,11901.31,11920.93,6792020,0
2017-03-23,12:00:00,11920.78,11959.72,11916.42,11959.72,6666539,0
2017-03-23,13:00:00,11962.96,11962.96,11944.94,11947.32,6984948,0
2017-03-23,14:00:00,11947.28,11955.28,11932.07,11932.28,6219813,0
2017-03-23,15:00:00,11932.06,11952.16,11916.36,11946.97,7269523,0
2017-03-23,16:00:00,11949.39,12000.75,11945.26,11989.91,8555644,0
2017-03-23,17:00:00,11992.11,12034.31,11989.98,12021.29,10460469,0
2017-03-23,18:00:00,12020.51,12043.67,12020.03,12039.68,25118342,0
2017-03-24,10:00:00,12029.48,12052.08,12020.83,12028.88,11272253,0
2017-03-24,11:00:00,12029.74,12040.56,12026.42,12034.9,8217135,0
2017-03-24,12:00:00,12033.64,12034.27,12010.74,12013.78,5354784,0
2017-03-24,13:00:00,12012.88,12027.8,12010.42,12012.55,6164821,0
2017-03-24,14:00:00,12013.36,12035.65,12013.36,12031.11,12591832,0
2017-03-24,15:00:00,12030.67,12049.75,12028.25,12044.18,8482565,0
2017-03-24,16:00:00,12043.53,12082.05,12037.27,12078.35,8618746,0
2017-03-24,17:00:00,12078.81,12079.6,12060.82,12077.61,9491760,0
2017-03-24,18:00:00,12077.46,12080.51,12045.24,12064.27,25368988,0
2017-03-27,10:00:00,11957.65,11979.27,11934.28,11943.36,15519857,0
2017-03-27,11:00:00,11943.33,11987.63,11942.63,11964.66,8544601,0
2017-03-27,12:00:00,11964.78,11979.85,11956.43,11962.41,5374278,0
2017-03-27,13:00:00,11962.65,11985.92,11961.06,11982.66,4694979,0
2017-03-27,14:00:00,11982.52,11982.84,11962.33,11962.33,3915435,0
2017-03-27,15:00:00,11962.08,11963.39,11944.35,11945.38,4876318,0
2017-03-27,16:00:00,11930.17,11959.5,11916.27,11953.4,9375983,0
2017-03-27,17:00:00,11953.08,11982.08,11942.34,11982.08,8726616,0
2017-03-27,18:00:00,11982.13,11996.07,11971.69,11996.07,27929828,0
2017-03-28,10:00:00,12052.46,12073.24,12045.36,12066.43,11253341,0
2017-03-28,11:00:00,12066.7,12077.33,12054.87,12069,8978190,0
2017-03-28,12:00:00,12068.68,12074.49,12060.38,12072.81,6402001,0
2017-03-28,13:00:00,12073.22,12078.62,12063.44,12066.77,4963299,0
2017-03-28,14:00:00,12066.75,12069.14,12048.12,12057.24,4881335,0
2017-03-28,15:00:00,12057.12,12058.86,12046.79,12057.12,6547800,0
2017-03-28,16:00:00,12057.23,12079.49,12054.77,12064.12,8850647,0
2017-03-28,17:00:00,12066.79,12120.42,12066.71,12120.42,11181525,0
2017-03-28,18:00:00,12118.73,12158.51,12117.06,12149.42,32778125,0
2017-03-29,10:00:00,12202.19,12233.76,12202.19,12226.33,17544857,0
2017-03-29,11:00:00,12227.66,12229.44,12205.02,12209.43,10781236,0
2017-03-29,12:00:00,12210,12219.15,12196.22,12204.94,9520728,0
2017-03-29,13:00:00,12204.55,12204.55,12185.61,12194.02,6600554,0
2017-03-29,14:00:00,12194.12,12206.91,12181.09,12201.67,5683713,0
2017-03-29,15:00:00,12201.5,12214.01,12196.96,12209.72,8457405,0
2017-03-29,16:00:00,12209.15,12216.38,12187.74,12201.83,9372252,0
2017-03-29,17:00:00,12204.51,12209.82,12194.36,12200.98,10984138,0
2017-03-29,18:00:00,12201.82,12204.89,12192.2,12203,25434441,0
2017-03-30,10:00:00,12213.76,12231.86,12206.42,12230.82,11439563,0
2017-03-30,11:00:00,12230.15,12238.36,12216.94,12222.85,7201336,0
2017-03-30,12:00:00,12223.28,12225.48,12209.24,12219.66,7145676,0
2017-03-30,13:00:00,12219.8,12219.8,12209.58,12212.5,6312668,0
2017-03-30,14:00:00,12212.82,12215.9,12200.47,12214.42,5189305,0
2017-03-30,15:00:00,12214.58,12216.15,12203.58,12211.23,6886446,0
2017-03-30,16:00:00,12211.51,12229.74,12203.46,12228.39,8376831,0
2017-03-30,17:00:00,12228.03,12245.87,12224.98,12245.87,11861699,0
2017-03-30,18:00:00,12248.04,12257.5,12242.2,12257.5,6636109,0
2017-03-31,10:00:00,12244.99,12255.75,12235.05,12241.48,11174877,0
2017-03-31,11:00:00,12242.27,12250.07,12232.72,12240.98,6741348,0
2017-03-31,12:00:00,12241.85,12260.54,12238.25,12252.15,12048461,0
2017-03-31,13:00:00,12253.39,12256.28,12242.93,12244.78,5744791,0
2017-03-31,14:00:00,12244.5,12258.94,12243.51,12254.04,9622859,0
2017-03-31,15:00:00,12254.07,12267.15,12254.07,12255.93,7074415,0
2017-03-31,16:00:00,12256.62,12267.97,12242.26,12260.34,7038767,0
2017-03-31,17:00:00,12260.73,12290.36,12260.73,12285.91,8988915,0
2017-03-31,18:00:00,12282.98,12312.87,12275.91,12312.87,44622196,0
2017-04-03,10:00:00,12368.82,12375.45,12349.2,12359.54,12842716,0
2017-04-03,11:00:00,12358.94,12358.94,12329.55,12340.34,8978430,0
2017-04-03,12:00:00,12341.53,12365.37,12331.02,12365.37,6694711,0
2017-04-03,13:00:00,12364.07,12367.25,12345.3,12345.35,5905068,0
2017-04-03,14:00:00,12345.39,12345.39,12329.08,12337.3,5052173,0
2017-04-03,15:00:00,12337.19,12342.26,12324.45,12336.8,5452371,0
2017-04-03,16:00:00,12336.51,12340.11,12301.31,12304.95,7253902,0
2017-04-03,17:00:00,12304.66,12311.26,12272.19,12272.19,10183095,0
2017-04-03,18:00:00,12274.88,12279.22,12257.2,12257.2,26138279,0
2017-04-04,10:00:00,12259.2,12259.45,12239.64,12250.7,18071128,0
2017-04-04,11:00:00,12249.24,12255.27,12225.8,12243.38,12058337,0
2017-04-04,12:00:00,12242.1,12248.11,12228.04,12237.1,12259226,0
2017-04-04,13:00:00,12238.03,12256.07,12238.03,12252.29,15257908,0
2017-04-04,14:00:00,12252.85,12253.82,12235.62,12237.86,6971984,0
2017-04-04,15:00:00,12237.96,12250.68,12231.73,12242.45,7866724,0
2017-04-04,16:00:00,12243.32,12272.66,12242.85,12267.59,8722717,0
2017-04-04,17:00:00,12270.3,12278.52,12256.13,12271.31,8185365,0
2017-04-04,18:00:00,12271.59,12287.62,12268.61,12278.49,5994681,0
2017-04-05,10:00:00,12278.93,12283.61,12246.42,12252.77,10775404,0
2017-04-05,11:00:00,12253.7,12264.66,12238.92,12245,6168303,0
2017-04-05,12:00:00,12245.53,12259.55,12245.3,12250.49,5475002,0
2017-04-05,13:00:00,12250.32,12251.86,12240.44,12242.11,4333410,0
2017-04-05,14:00:00,12240.33,12247.54,12216.16,12240.81,5691762,0
2017-04-05,15:00:00,12241.01,12267.26,12235.95,12242.09,6660785,0
2017-04-05,16:00:00,12242.58,12277.04,12240.83,12273.99,7872419,0
2017-04-05,17:00:00,12268.12,12290.32,12260.65,12263.41,10026152,0
2017-04-05,18:00:00,12263.07,12263.45,12213,12217.54,29817790,0
2017-04-06,10:00:00,12144.27,12150.46,12119.94,12123.44,12859914,0
2017-04-06,11:00:00,12121.73,12174.02,12119.5,12164.05,6982404,0
2017-04-06,12:00:00,12163.79,12170.21,12146.67,12161.65,4870399,0
2017-04-06,13:00:00,12162.05,12202.34,12162.05,12189.29,3812673,0
2017-04-06,14:00:00,12189.04,12219.19,12186.57,12204.57,5486092,0
2017-04-06,15:00:00,12202.22,12207.87,12194.68,12201.61,4341286,0
2017-04-06,16:00:00,12202.11,12215.47,12188.6,12212.73,6772548,0
2017-04-06,17:00:00,12214.57,12232.49,12200.86,12224.3,8186530,0
2017-04-06,18:00:00,12224.73,12242.36,12222.8,12230.89,22490408,0
2017-04-07,10:00:00,12160.53,12190.94,12156.54,12168.51,8739889,0
2017-04-07,11:00:00,12168.05,12175.09,12154.11,12159.18,4663764,0
2017-04-07,12:00:00,12159.38,12181.36,12157.17,12175.27,5889550,0
2017-04-07,13:00:00,12175.94,12181.47,12162.95,12178.27,3943533,0
2017-04-07,14:00:00,12178.17,12194.97,12178.17,12182.1,5440106,0
2017-04-07,15:00:00,12182.3,12184.54,12145.72,12172.62,6991923,0
2017-04-07,16:00:00,12172.68,12206.55,12170.55,12180.43,7120567,0
2017-04-07,17:00:00,12178.92,12210,12178.92,12200.47,7430857,0
2017-04-07,18:00:00,12200.17,12225.06,12199.86,12225.06,23894187,0
2017-04-10,10:00:00,12244.5,12246.69,12212.6,12213.94,8907777,0
2017-04-10,11:00:00,12214.25,12222.98,12202.89,12207.53,5523765,0
2017-04-10,12:00:00,12208.45,12214.33,12178.29,12178.29,4742901,0
2017-04-10,13:00:00,12178.8,12199.68,12178.74,12197.24,4382766,0
2017-04-10,14:00:00,12197.03,12212.67,12197.03,12209.99,3465669,0
2017-04-10,15:00:00,12210.42,12216.08,12201.27,12202.25,3754924,0
2017-04-10,16:00:00,12201.86,12208.36,12189.43,12194.57,4928375,0
2017-04-10,17:00:00,12195.79,12222.83,12184.49,12209.27,5721042,0
2017-04-10,18:00:00,12208.74,12227.12,12200.52,12200.52,17100926,0
2017-04-11,10:00:00,12168.74,12189.23,12161.85,12188.22,9495483,0
2017-04-11,11:00:00,12188.16,12199.84,12169.17,12180.04,6590956,0
2017-04-11,12:00:00,12179.79,12189.25,12171.98,12186.63,4988609,0
2017-04-11,13:00:00,12185.49,12194.93,12181.82,12193.61,4456574,0
2017-04-11,14:00:00,12194.28,12200.37,12184.42,12184.71,5065130,0
2017-04-11,15:00:00,12184.99,12199.53,12184.03,12196.83,3851590,0
2017-04-11,16:00:00,12196.41,12220.94,12183.32,12195.8,7698561,0
2017-04-11,17:00:00,12194.09,12198.74,12053.17,12074.54,15880374,0
2017-04-11,18:00:00,12076.45,12139.35,12072.76,12139.35,26092345,0
2017-04-12,10:00:00,12200.45,12242.73,12197.56,12216.47,12887826,0
2017-04-12,11:00:00,12216.13,12217.57,12171.82,12182.81,6924260,0
2017-04-12,12:00:00,12182.4,12197.66,12177.52,12178.11,4579643,0
2017-04-12,13:00:00,12178.41,12185.24,12145.29,12160.6,5088895,0
2017-04-12,14:00:00,12161.39,12161.51,12136.35,12149.75,4572372,0
2017-04-12,15:00:00,12149.79,12155.58,12138.17,12151.77,5008821,0
2017-04-12,16:00:00,12152.28,12167.28,12144.56,12153.7,7685076,0
2017-04-12,17:00:00,12154.5,12158.61,12123.2,12142.13,8002182,0
2017-04-12,18:00:00,12141.92,12166.67,12140.06,12154.7,21730511,0
2017-04-13,10:00:00,12137.57,12147.13,12102.18,12128.84,11083188,0
2017-04-13,11:00:00,12127.77,12128.56,12099.22,12115.87,7599712,0
2017-04-13,12:00:00,12115.88,12125.71,12100.27,12122.78,5939340,0
2017-04-13,13:00:00,12122.54,12122.71,12107.63,12113.19,5284671,0
2017-04-13,14:00:00,12113.07,12120.56,12106.24,12113,5166687,0
2017-04-13,15:00:00,12112.42,12120.17,12100.71,12110.93,4881684,0
2017-04-13,16:00:00,12111.09,12125.85,12090.68,12119.1,7311662,0
2017-04-13,17:00:00,12119.71,12135.73,12106.98,12113.22,6797577,0
2017-04-13,18:00:00,12113.34,12121.14,12094.7,12109,21788714,0
2017-04-18,10:00:00,12135.61,12162.06,12052.32,12060.88,14572058,0
2017-04-18,11:00:00,12061.94,12082.68,12060.31,12071.42,7377603,0
2017-04-18,12:00:00,12073.36,12075.08,12014.7,12032.58,8304035,0
2017-04-18,13:00:00,12033.79,12039.09,12014.8,12036.15,4674424,0
2017-04-18,14:00:00,12035.95,12045.51,12028.67,12036.81,4847286,0
2017-04-18,15:00:00,12036.48,12042.9,12027.2,12028.01,4614931,0
2017-04-18,16:00:00,12026.25,12040.15,11996.84,12039.11,8713359,0
2017-04-18,17:00:00,12041.16,12050.28,12013.57,12018.75,9709702,0
2017-04-18,18:00:00,12019.96,12037.55,12000.44,12000.44,26968143,0
2017-04-19,10:00:00,12021.93,12027.2,12005.38,12020.63,10778342,0
2017-04-19,11:00:00,12019.83,12038.31,12017.22,12023.28,9755468,0
2017-04-19,12:00:00,12023.74,12040.23,12018.31,12037.56,6345384,0
2017-04-19,13:00:00,12037.62,12039.51,12023.8,12024.55,4839876,0
2017-04-19,14:00:00,12025.06,12032.96,12020.16,12027.59,4438535,0
2017-04-19,15:00:00,12027.57,12029.07,12011.18,12019.65,5220371,0
2017-04-19,16:00:00,12021.22,12035.54,12017.41,12031.29,6883276,0
2017-04-19,17:00:00,12032.96,12034.81,12014.64,12019.76,8769948,0
2017-04-19,18:00:00,12019.18,12026.44,12016.1,12016.45,28791403,0
2017-04-20,10:00:00,11968.06,12026.92,11952.78,12008.88,13011360,0
2017-04-20,11:00:00,12008.34,12035.25,12006.16,12034.56,7579819,0
2017-04-20,12:00:00,12033.55,12050.55,12029.34,12037.4,6353796,0
2017-04-20,13:00:00,12037.59,12045,12007.05,12014.44,6641997,0
2017-04-20,14:00:00,12014.8,12020.19,12009.57,12014.89,5440637,0
2017-04-20,15:00:00,12014.56,12022.8,12008.77,12013.52,5256879,0
2017-04-20,16:00:00,12013.43,12023.09,12006.39,12008.08,6706879,0
2017-04-20,17:00:00,12009.57,12044.8,12009.57,12043.34,7808125,0
2017-04-20,18:00:00,12043.77,12045.45,12026.94,12027.32,26578577,0
2017-04-21,10:00:00,12022.35,12051.56,12016.94,12038.51,8886626,0
2017-04-21,11:00:00,12038.76,12042.73,12012.86,12023.29,7469909,0
2017-04-21,12:00:00,12022.77,12052.18,12009.17,12044.33,21858077,0
2017-04-21,13:00:00,12046.38,12056.37,12035.45,12049.48,4926430,0
2017-04-21,14:00:00,12049.9,12076.68,12049.9,12066.18,11526816,0
2017-04-21,15:00:00,12066.7,12091.33,12064.44,12077.92,6046216,0
2017-04-21,16:00:00,12077.75,12081.51,12037.81,12051.23,6798090,0
2017-04-21,17:00:00,12049.98,12069.43,12046.12,12065.98,8615382,0
2017-04-21,18:00:00,12064.72,12074.25,12051.55,12059.86,6890645,0
2017-04-24,10:00:00,12296.56,12366.9,12292.25,12361.66,47338243,0
2017-04-24,11:00:00,12360.43,12398.05,12347.48,12392.85,23041018,0
2017-04-24,12:00:00,12391.58,12399.04,12384.44,12392.38,15206528,0
2017-04-24,13:00:00,12391.81,12417.09,12391.81,12409.85,10426128,0
2017-04-24,14:00:00,12409.87,12427.43,12404.59,12427.43,10518547,0
2017-04-24,15:00:00,12427.92,12428.34,12407.91,12409.41,8657048,0
2017-04-24,16:00:00,12409.83,12424.63,12404.25,12423.29,13313860,0
2017-04-24,17:00:00,12425.26,12444.11,12419.15,12428.93,14627253,0
2017-04-24,18:00:00,12430.38,12454.98,12429.05,12454.98,48686387,0
2017-04-25,10:00:00,12476.29,12480.85,12447.3,12449.23,14053326,0
2017-04-25,11:00:00,12450.79,12462.68,12445.35,12461.28,9211214,0
2017-04-25,12:00:00,12460.91,12461.74,12439.11,12440.17,7570519,0
2017-04-25,13:00:00,12439.21,12455.7,12439.21,12454.35,5566394,0
2017-04-25,14:00:00,12454,12469.71,12452.79,12468.47,5827607,0
2017-04-25,15:00:00,12468.96,12477.18,12464.75,12476.43,5795534,0
2017-04-25,16:00:00,12476.42,12479.34,12450.53,12462.07,10152144,0
2017-04-25,17:00:00,12462.16,12475.99,12455.83,12473.46,10169473,0
2017-04-25,18:00:00,12471.75,12482.56,12467.04,12467.04,25972803,0
2017-04-26,10:00:00,12460.12,12466.25,12454.52,12463.49,11716578,0
2017-04-26,11:00:00,12463.38,12471.62,12460.08,12465.99,7942058,0
2017-04-26,12:00:00,12466.31,12469.33,12455.06,12463.12,6197273,0
2017-04-26,13:00:00,12461.38,12464.7,12443.15,12446.64,5305660,0
2017-04-26,14:00:00,12446.77,12456.29,12446.77,12452.5,5369155,0
2017-04-26,15:00:00,12452,12464.44,12445.7,12459.76,5467689,0
2017-04-26,16:00:00,12460.59,12470.79,12456.34,12465.88,8112081,0
2017-04-26,17:00:00,12467,12484.01,12466.89,12483.48,9220146,0
2017-04-26,18:00:00,12483.37,12485.61,12472.8,12472.8,31048068,0
2017-04-27,10:00:00,12448.87,12450.38,12427.89,12437.53,16104782,0
2017-04-27,11:00:00,12437.17,12446.34,12427.44,12430.97,9800312,0
2017-04-27,12:00:00,12430.74,12444.77,12429.14,12438.91,7425499,0
2017-04-27,13:00:00,12438.46,12451.81,12434.44,12450.97,5031770,0
2017-04-27,14:00:00,12450.9,12454.77,12447.07,12452.1,5376067,0
2017-04-27,15:00:00,12452.51,12469.96,12451.85,12452.5,7521598,0
2017-04-27,16:00:00,12452.14,12473.28,12446.46,12469.51,7943726,0
2017-04-27,17:00:00,12473.57,12478.28,12454.53,12459.8,12030040,0
2017-04-27,18:00:00,12461.99,12464.88,12445.15,12445.15,7469329,0
2017-04-28,10:00:00,12446.05,12446.05,12424.05,12435.65,12496136,0
2017-04-28,11:00:00,12436.46,12455.37,12432.97,12451.83,7634145,0
2017-04-28,12:00:00,12451.57,12461.87,12447.87,12457.4,11221507,0
2017-04-28,13:00:00,12458.73,12460.99,12446.51,12454.37,5000022,0
2017-04-28,14:00:00,12453.88,12453.88,12438.67,12441.79,6444871,0
2017-04-28,15:00:00,12441.75,12449.38,12438.09,12443.96,5557062,0
2017-04-28,16:00:00,12443.32,12446.74,12428.18,12435.1,7050285,0
2017-04-28,17:00:00,12434.52,12449.96,12431.01,12449.96,9127626,0
2017-04-28,18:00:00,12448.59,12458.59,12438.01,12438.01,40429079,0
2017-05-02,10:00:00,12478.46,12484.98,12442.92,12457.36,12516329,0
2017-05-02,11:00:00,12456.57,12456.57,12433.78,12447.1,6609549,0
2017-05-02,12:00:00,12447.02,12460,12445.52,12460,5631590,0
2017-05-02,13:00:00,12459.86,12466.15,12455.96,12460.56,4339008,0
2017-05-02,14:00:00,12460.71,12465.4,12453.62,12464.08,4385238,0
2017-05-02,15:00:00,12464.24,12474.18,12463.72,12474.18,5547653,0
2017-05-02,16:00:00,12474.54,12485.28,12466.58,12467.39,7656854,0
2017-05-02,17:00:00,12468.93,12492.78,12467.2,12489.3,8816650,0
2017-05-02,18:00:00,12490.63,12505.38,12482.96,12505.38,5778130,0
2017-05-03,10:00:00,12496.36,12500.92,12489.28,12496.03,11032842,0
2017-05-03,11:00:00,12496.62,12497.51,12478.16,12485.12,6439315,0
2017-05-03,12:00:00,12484.19,12495.08,12478.53,12485.94,6341912,0
2017-05-03,13:00:00,12486.19,12497.31,12478.93,12497.31,4570840,0
2017-05-03,14:00:00,12497.58,12497.71,12489.45,12490.52,4366863,0
2017-05-03,15:00:00,12489.73,12502.52,12487.21,12502.52,6849298,0
2017-05-03,16:00:00,12503.03,12513.33,12498.01,12512.39,7663138,0
2017-05-03,17:00:00,12518.66,12524.95,12505.99,12508.63,9808343,0
2017-05-03,18:00:00,12507.63,12525.04,12505.31,12518.88,6957841,0
2017-05-04,10:00:00,12548.8,12600.62,12547.5,12600.01,18946999,0
2017-05-04,11:00:00,12603.1,12619.57,12598.52,12612.61,9555227,0
2017-05-04,12:00:00,12612.69,12627.18,12610.84,12620.68,7497034,0
2017-05-04,13:00:00,12621.11,12642.99,12620.53,12642.99,5738381,0
2017-05-04,14:00:00,12642.42,12648.05,12630.15,12630.43,6159194,0
2017-05-04,15:00:00,12630.41,12632.94,12616.76,12616.95,6569548,0
2017-05-04,16:00:00,12616.17,12630.19,12603.74,12615.85,8977950,0
2017-05-04,17:00:00,12616.28,12624.85,12612.72,12613.89,10830579,0
2017-05-04,18:00:00,12614.29,12647.78,12611.18,12647.78,31335405,0
2017-05-05,10:00:00,12620.17,12622.9,12600.06,12606.33,16703800,0
2017-05-05,11:00:00,12606.19,12619.7,12600.01,12613.14,7662669,0
2017-05-05,12:00:00,12613.29,12615.59,12592.52,12603.71,8601706,0
2017-05-05,13:00:00,12603.86,12610.27,12595.88,12609.06,4863198,0
2017-05-05,14:00:00,12609.58,12620.48,12606.99,12613.39,7400534,0
2017-05-05,15:00:00,12613.64,12666.84,12611.01,12651.58,9847236,0
2017-05-05,16:00:00,12651.48,12678.31,12647.79,12678.31,11967509,0
2017-05-05,17:00:00,12680.43,12695.9,12670.36,12695.53,11539872,0
2017-05-05,18:00:00,12695.12,12718.66,12692.36,12716.89,29125076,0
2017-05-08,10:00:00,12719.33,12727.1,12691.32,12701.63,18236562,0
2017-05-08,11:00:00,12700.1,12719.5,12675.39,12678.65,8110588,0
2017-05-08,12:00:00,12678.97,12688.46,12659.7,12674.61,7010913,0
2017-05-08,13:00:00,12677.53,12696.39,12675.94,12694.32,5627805,0
2017-05-08,14:00:00,12694.16,12694.97,12679.83,12689.35,5666831,0
2017-05-08,15:00:00,12689.99,12692.3,12677.97,12691.81,5843791,0
2017-05-08,16:00:00,12691.4,12710.82,12682.08,12692.63,10301276,0
2017-05-08,17:00:00,12690.84,12718.97,12690.84,12716.23,10181338,0
2017-05-08,18:00:00,12716.71,12717.88,12699.99,12702.02,29762366,0
2017-05-09,10:00:00,12724.95,12736.91,12705.1,12725.85,17833933,0
2017-05-09,11:00:00,12725.55,12752.79,12720.63,12750.76,12098760,0
2017-05-09,12:00:00,12750.78,12765.97,12746.51,12764.09,7456287,0
2017-05-09,13:00:00,12764.5,12780.54,12755.39,12776.32,7213456,0
2017-05-09,14:00:00,12776.88,12782.68,12773.26,12776.61,6862418,0
2017-05-09,15:00:00,12777.78,12781.46,12767.32,12769.29,9036326,0
2017-05-09,16:00:00,12769.36,12769.87,12752.77,12766.07,9798744,0
2017-05-09,17:00:00,12766.59,12770.17,12754.06,12766.32,11733839,0
2017-05-09,18:00:00,12766.36,12770.89,12749.12,12749.12,31221584,0
2017-05-10,10:00:00,12731.05,12744.09,12725.16,12734.17,14680240,0
2017-05-10,11:00:00,12733.93,12751.52,12715.83,12741.82,10047849,0
2017-05-10,12:00:00,12741.78,12751.31,12737.51,12747.2,10885483,0
2017-05-10,13:00:00,12747.12,12751.61,12733.09,12734.18,6236625,0
2017-05-10,14:00:00,12733.99,12754.9,12733.8,12751.53,7414242,0
2017-05-10,15:00:00,12751.71,12773.03,12749.67,12771.56,7294378,0
2017-05-10,16:00:00,12772.18,12776.04,12757.85,12765.53,8523150,0
2017-05-10,17:00:00,12764.91,12772.93,12737.59,12738.26,10062013,0
2017-05-10,18:00:00,12737.99,12757.46,12737.82,12757.46,32928913,0
2017-05-11,10:00:00,12767.72,12770.62,12741.92,12748.25,15640694,0
2017-05-11,11:00:00,12749.92,12769.04,12748.73,12765.15,10471323,0
2017-05-11,12:00:00,12765.31,12772.88,12752.81,12754.24,7621054,0
2017-05-11,13:00:00,12754.42,12765.61,12745.98,12760.36,6031780,0
2017-05-11,14:00:00,12760.41,12769.66,12709.2,12722.59,7200768,0
2017-05-11,15:00:00,12716.85,12750.18,12697.7,12750.18,8494786,0
2017-05-11,16:00:00,12749.44,12750.07,12673.47,12686.53,9316293,0
2017-05-11,17:00:00,12686.35,12704.98,12662.49,12701.76,11713490,0
2017-05-11,18:00:00,12705.12,12711.95,12691.85,12711.06,26748499,0
2017-05-12,10:00:00,12728.56,12740.18,12717.58,12720.05,12482690,0
2017-05-12,11:00:00,12719.38,12738.83,12716.44,12727.13,7858031,0
2017-05-12,12:00:00,12726.96,12730.87,12714.38,12727.13,12285633,0
2017-05-12,13:00:00,12727.56,12732.21,12715.92,12727.87,6495688,0
2017-05-12,14:00:00,12727.77,12739.77,12727.7,12733.76,8100922,0
2017-05-12,15:00:00,12733.86,12738.52,12727.47,12736.75,7151953,0
2017-05-12,16:00:00,12736.76,12742.8,12722.38,12739.73,7745106,0
2017-05-12,17:00:00,12739.93,12742.89,12725.51,12737.59,8440203,0
2017-05-12,18:00:00,12738.33,12770.41,12736.59,12770.41,38919432,0
2017-05-15,10:00:00,12826.58,12831.9,12793.39,12802.62,15517237,0
2017-05-15,11:00:00,12801.65,12802.94,12759.36,12763.86,9230647,0
2017-05-15,12:00:00,12763.88,12770.46,12730.6,12741.86,6199741,0
2017-05-15,13:00:00,12743.67,12762.96,12739.01,12760.75,4733944,0
2017-05-15,14:00:00,12760.64,12762.38,12752.57,12758.82,4270392,0
2017-05-15,15:00:00,12758.66,12759.28,12730.29,12743.26,5449761,0
2017-05-15,16:00:00,12743.79,12783.87,12735.67,12778.63,7070434,0
2017-05-15,17:00:00,12780.27,12798.08,12771.72,12794.79,8054689,0
2017-05-15,18:00:00,12795.28,12807.04,12792.74,12807.04,26551712,0
2017-05-16,10:00:00,12787.4,12834.69,12785.09,12820.46,11257561,0
2017-05-16,11:00:00,12820.27,12826.17,12794.96,12801.61,6215242,0
2017-05-16,12:00:00,12801.75,12802.7,12785.14,12794.28,5456661,0
2017-05-16,13:00:00,12794.54,12806.36,12789.58,12798.77,4653636,0
2017-05-16,14:00:00,12798.73,12824.74,12798.73,12818.15,4384511,0
2017-05-16,15:00:00,12818.12,12824.32,12807.76,12813.75,4813039,0
2017-05-16,16:00:00,12813.3,12841.62,12812.37,12836.65,7636674,0
2017-05-16,17:00:00,12837.93,12839.84,12781.96,12786.89,9550664,0
2017-05-16,18:00:00,12786.84,12806,12776.02,12804.53,26353622,0
2017-05-17,10:00:00,12700.12,12765.2,12700.12,12750.26,12756202,0
2017-05-17,11:00:00,12749.96,12786.89,12747.44,12772.79,7751031,0
2017-05-17,12:00:00,12772.49,12772.63,12738.82,12752.1,6262248,0
2017-05-17,13:00:00,12751.84,12763.55,12748.45,12762.81,4445068,0
2017-05-17,14:00:00,12763.56,12770.86,12762.34,12763.71,4131030,0
2017-05-17,15:00:00,12763.81,12765.88,12729.2,12729.2,6514850,0
2017-05-17,16:00:00,12727.13,12728.89,12663.68,12671.84,14303556,0
2017-05-17,17:00:00,12672.41,12693.34,12587.45,12593.64,17111524,0
2017-05-17,18:00:00,12592.72,12651.33,12592.72,12631.61,35672467,0
2017-05-18,10:00:00,12609.31,12634.26,12565.49,12588.65,18058625,0
2017-05-18,11:00:00,12588.55,12599.95,12557.37,12589.41,12398279,0
2017-05-18,12:00:00,12589.04,12589.04,12490.01,12498.67,15342942,0
2017-05-18,13:00:00,12498.85,12529.72,12497.47,12513.83,9429222,0
2017-05-18,14:00:00,12513.77,12561.12,12510.26,12543.35,8361615,0
2017-05-18,15:00:00,12543.58,12550.53,12518.75,12535.03,6872332,0
2017-05-18,16:00:00,12534.16,12583.41,12531.76,12562.2,12117193,0
2017-05-18,17:00:00,12560.5,12616.39,12560.5,12587.77,11809774,0
2017-05-18,18:00:00,12587.55,12600.49,12585.81,12590.06,29092759,0
2017-05-19,10:00:00,12610.86,12636.91,12596.75,12625.96,10775107,0
2017-05-19,11:00:00,12625.68,12648.31,12617.46,12629.32,8305400,0
2017-05-19,12:00:00,12628.31,12650.59,12626.85,12636.56,16591241,0
2017-05-19,13:00:00,12631.98,12631.99,12599.78,12607.12,6821738,0
2017-05-19,14:00:00,12606.98,12619.8,12603.26,12615.72,13694386,0
2017-05-19,15:00:00,12614.08,12625.03,12606.69,12619.13,5852944,0
2017-05-19,16:00:00,12619.28,12630.6,12605.58,12628.77,11597833,0
2017-05-19,17:00:00,12631.13,12645.48,12626.22,12640.16,10870858,0
2017-05-19,18:00:00,12643.41,12658.49,12638.5,12638.69,37442093,0
2017-05-22,10:00:00,12667.19,12667.66,12613.8,12630.95,10232073,0
2017-05-22,11:00:00,12630.68,12665.06,12630.3,12654.83,6815207,0
2017-05-22,12:00:00,12654.45,12659.12,12589.06,12595.1,6232394,0
2017-05-22,13:00:00,12596.43,12603.07,12571.06,12591.04,4621000,0
2017-05-22,14:00:00,12590.83,12611.16,12588.4,12606.38,4120493,0
2017-05-22,15:00:00,12606.37,12608.39,12589.01,12601.22,4605835,0
2017-05-22,16:00:00,12601.05,12644.01,12601.05,12627.52,6804759,0
2017-05-22,17:00:00,12627.82,12634.58,12615.76,12625.93,7073115,0
2017-05-22,18:00:00,12625.01,12634.22,12617.47,12619.46,24823743,0
2017-05-23,10:00:00,12597.54,12684.16,12594.55,12677.82,11039107,0
2017-05-23,11:00:00,12679.35,12701.5,12651.53,12660.87,8844709,0
2017-05-23,12:00:00,12663.53,12668.45,12652.58,12660.38,5982934,0
2017-05-23,13:00:00,12662.89,12687.6,12659.21,12687.6,4060061,0
2017-05-23,14:00:00,12688.87,12703.74,12686.45,12690.58,6117069,0
2017-05-23,15:00:00,12690.35,12692.08,12658.85,12658.85,7671962,0
2017-05-23,16:00:00,12660.01,12668.75,12625.04,12636.53,9506516,0
2017-05-23,17:00:00,12635.96,12661.33,12628.75,12656.3,8785197,0
2017-05-23,18:00:00,12656.11,12664.3,12647.79,12659.15,29024685,0
2017-05-24,10:00:00,12632.67,12661.97,12617.76,12655.3,10242563,0
2017-05-24,11:00:00,12654.95,12657.17,12630.1,12641.59,7560798,0
2017-05-24,12:00:00,12641.6,12649.21,12633.05,12648.88,4812266,0
2017-05-24,13:00:00,12648.95,12649.52,12626.57,12627.46,4773058,0
2017-05-24,14:00:00,12627.59,12636.43,12627.4,12634.14,3460661,0
2017-05-24,15:00:00,12632.57,12650.58,12632.52,12648.53,3853595,0
2017-05-24,16:00:00,12648.93,12649.94,12626.39,12643.31,5245089,0
2017-05-24,17:00:00,12644.21,12648.13,12630.94,12630.94,7868790,0
2017-05-24,18:00:00,12630.57,12643.06,12622.03,12642.87,25910630,0
2017-05-25,10:00:00,12693.84,12697.62,12586.13,12601.66,8568645,0
2017-05-25,11:00:00,12596.25,12598.57,12543.77,12593.63,7254542,0
2017-05-25,12:00:00,12595.81,12666.9,12595.81,12654.45,4947082,0
2017-05-25,13:00:00,12657.27,12666.11,12636.09,12636.92,3066301,0
2017-05-25,14:00:00,12637.06,12639.03,12598.06,12614.83,4152799,0
2017-05-25,15:00:00,12614.14,12632.17,12607.5,12627.71,3835138,0
2017-05-25,16:00:00,12627.66,12646.33,12615.35,12639.54,5023334,0
2017-05-25,17:00:00,12639.52,12656.17,12627.17,12627.17,5395316,0
2017-05-25,18:00:00,12627.21,12629.97,12605.49,12621.72,17238632,0
2017-05-26,10:00:00,12604.11,12611.26,12580.99,12597.14,9109608,0
2017-05-26,11:00:00,12597.17,12602.32,12551.78,12570.44,8368353,0
2017-05-26,12:00:00,12570.65,12583.38,12557.65,12561.56,6129014,0
2017-05-26,13:00:00,12562.34,12573.94,12557.74,12561.05,4360893,0
2017-05-26,14:00:00,12561.73,12561.73,12529.54,12541.29,6468503,0
2017-05-26,15:00:00,12541.5,12580.62,12539.76,12575.89,5224191,0
2017-05-26,16:00:00,12577.12,12593.96,12573.78,12587.69,5226062,0
2017-05-26,17:00:00,12588.85,12605.36,12583.71,12584.49,6742516,0
2017-05-26,18:00:00,12584.65,12603.12,12584.3,12602.18,23928366,0
2017-05-29,10:00:00,12588.8,12599.21,12578.95,12597.78,5501509,0
2017-05-29,11:00:00,12598.41,12614.82,12584.2,12602.47,4617343,0
2017-05-29,12:00:00,12603.74,12613.25,12599.12,12609.36,3853887,0
2017-05-29,13:00:00,12609.01,12611.49,12599.96,12610.77,2743983,0
2017-05-29,14:00:00,12610.41,12610.6,12594.1,12607.95,2684005,0
2017-05-29,15:00:00,12609.57,12609.57,12597.29,12601.87,2681007,0
2017-05-29,16:00:00,12602.21,12609.72,12601.12,12606.01,2938982,0
2017-05-29,17:00:00,12605.99,12613.88,12604.51,12611.83,3171338,0
2017-05-29,18:00:00,12610.63,12633.24,12610.52,12628.95,9875090,0
2017-05-30,10:00:00,12583.82,12647.81,12567.52,12641.01,11793188,0
2017-05-30,11:00:00,12640.19,12641.58,12592.9,12630.12,7109801,0
2017-05-30,12:00:00,12630.13,12637.83,12615.19,12621.44,6270517,0
2017-05-30,13:00:00,12622.02,12626.85,12610.58,12614.78,3993774,0
2017-05-30,14:00:00,12614.91,12614.91,12598.37,12601.38,4137303,0
2017-05-30,15:00:00,12601.3,12623.25,12599.8,12616.36,4215952,0
2017-05-30,16:00:00,12615.23,12632.14,12607.45,12625.07,5501500,0
2017-05-30,17:00:00,12626.98,12626.98,12582.56,12601.27,8270296,0
2017-05-30,18:00:00,12601.28,12605.53,12588.77,12598.68,23251327,0
2017-05-31,10:00:00,12613.58,12624.47,12583.01,12613.23,13177672,0
2017-05-31,11:00:00,12613.4,12623.17,12592.73,12603.64,6981902,0
2017-05-31,12:00:00,12602.44,12614.1,12589.79,12609.92,4818145,0
2017-05-31,13:00:00,12610.06,12675.58,12609.09,12650.92,7919160,0
2017-05-31,14:00:00,12651.55,12695.05,12651.55,12683.16,6556154,0
2017-05-31,15:00:00,12682.62,12699.08,12679.59,12694,8067613,0
2017-05-31,16:00:00,12694.43,12708.78,12658.02,12658.02,16040150,0
2017-05-31,17:00:00,12658.42,12691.22,12611.44,12683.36,15844074,0
2017-05-31,18:00:00,12683.09,12685.92,12615.06,12615.06,60843295,0
2017-06-01,10:00:00,12623.79,12670.94,12621.67,12655.5,15493179,0
2017-06-01,11:00:00,12655.33,12677.6,12645.12,12672.61,9336614,0
2017-06-01,12:00:00,12671.22,12676.49,12654.9,12658.86,6611772,0
2017-06-01,13:00:00,12659.28,12664.01,12654.9,12656.62,4656301,0
2017-06-01,14:00:00,12656.52,12659.79,12624.05,12635.77,5876681,0
2017-06-01,15:00:00,12635.96,12660.01,12634.57,12654.93,6369972,0
2017-06-01,16:00:00,12656.59,12671.44,12644.32,12663.07,8146673,0
2017-06-01,17:00:00,12660.58,12666.4,12651.42,12659.86,8432389,0
2017-06-01,18:00:00,12661.33,12671.41,12658.58,12664.92,25366218,0
2017-06-02,10:00:00,12734.89,12801.54,12734.89,12795.04,15960071,0
2017-06-02,11:00:00,12794.79,12822.53,12774.2,12816.02,7342558,0
2017-06-02,12:00:00,12815.46,12850.89,12811.61,12848.73,6188273,0
2017-06-02,13:00:00,12849.56,12873.76,12838.68,12873.76,5575169,0
2017-06-02,14:00:00,12875.43,12877.87,12859.72,12868.54,6784849,0
2017-06-02,15:00:00,12868.72,12872.12,12803.07,12826.51,7394372,0
2017-06-02,16:00:00,12826.64,12842.72,12788.18,12794.48,8145485,0
2017-06-02,17:00:00,12792.14,12838.36,12791.67,12834.2,7902568,0
2017-06-02,18:00:00,12834.05,12836.39,12813.85,12822.94,25852515,0
